0.032287262209411473333319475450	0.043946918094589417155051145159
1.000000000000000000000000000000	0.383095504564062556446069726025
0.727527301093930911536095479973	0.851786012242961253185249575898
1.000000000000000000000000000000	0.825301697808855287407902401644
0.678894232199544696706490629799	0.186309729948029211464619773055
0.506076978897830164278599869370	0.000000000000000000000000000000
0.833245795678111787333659327460	0.046469516821603966072862915572
0.955869954503719874045687398589	0.176984361995268723683907668182
0.944023036051786236639583822750	0.950863772276626261204288553577
0.612189875280150365530218990208	0.642871732342419172335578205454
0.120946807580393288536815674135	0.818231195468238709610941167033
0.374528108999955328289645892031	0.600099997811308358573483306861
0.726145338740909608197938335254	0.431614243112667442927423831897
0.295330258233983438415350257546	0.795706279422451749225275210316
0.923699499185569447911102787793	0.585963168412302882494602012929
0.327205158574752826338030521008	0.314887354179807065820998688488
0.033709577508345716255018296897	0.644407973968117654414935473191
0.000000000000000000000000000000	1.000000000000000000000000000000
0.000000000000000000000000000000	0.133474091989350503558174770655
0.517270476313105909464647996699	1.000000000000000000000000000000
0.389016047127906973276021549955	0.069434458525609920280010421432
0.327654266529144615487222361067	0.962273935358303166070972863402
0.107578480715684124075142525659	0.469946635135736988568076932366
