0.000000000000000000000000000000	0.000000000000000000000000000000
0.279949519872397086931998487162	0.239030399600732722107607103834
0.103947184704354642498194503980	0.436564862855931300779854319665
0.288149349114053998876881289573	0.466611139841515872601684728298
0.399242522828757539081325382987	0.029572542381772965533966560648
0.520447110217086824855940489880	0.399333741485078008687783265248
0.000000000000000000000000000000	0.624872267041571042198500034893
0.020179150513976089587442065310	0.979820849486023910412557934689
0.515846786029599662865693703301	0.077586000097658382327556242000
0.080009353259841733930228013164	0.177521011457958105998481103603
0.407475582619693157603983448756	0.563612707991677787688234119050
0.570942131600336926331428388780	0.214290112353054207184052165447
0.870278063892282482273968693977	0.025286796202449856990828825077
0.197580221799025881330509549889	0.708505873569942000374158622457
0.180363684876600603554060313193	0.091512839770845001813619675665
0.870936277474429598014174942036	0.102765418687677328324013112027
0.082208387312275509897369675339	0.728073713338561976300111427892
0.709782047771423834142537637929	0.290217952228576165857462362070
0.707316523839629697602316314365	0.000000000000000000000000000000
0.020179150513976089587442065310	0.354446885931297163670467755417
